1344888201299652609	1139410460493541381	1721	32	12	59	6727	0	8664	0	1	0	74	482	
1344888205481553920	911277782474293248	2350	35	768	649	12067	4	11029	0	1	0	59	10030	
1344888205485735936	1114633261823799297	1789	49	13	87	1470	0	175	0	1	0	78	52786	
1344888218093834240	225797467	4826	160	17770	8369	188767	3	47023	0	0	0	31	0	
1344888226457161730	342460807	4601	62	2363	1184	24068	6	12890	0	1	0	72	446499	
1344888230647271426	1206915300496564224	1534	80	8	31	1061	0	2405	0	1	1	125	5481	
1344888239065243649	269442830	4728	88	22042	1513	6676	734	46277	0	1	0	63	23051	
1344888239069360131	1291993491497598976	1300	28	335	541	1519	0	1440	0	1	0	59	10039	
1344888243259465729	937999581983531008	2277	147	22	168	1074	1	452	3	0	0	90	0	
1344888255817269250	1220145964855332865	1498	73	87	484	416	0	31213	0	1	0	104	212	
1344888260015710209	2881675922	3410	11	330	245	20895	4	87628	0	1	0	104	18713	
1344888272615518209	401730666	4504	71	1612	872	102591	8	125162	0	1	0	59	35193	
1344888272623869952	1031913199	4084	62	197	149	99823	4	39378	0	1	0	102	198690	
1344888272586158080	500743574	4388	97	144	207	7070	0	6640	0	1	0	139	6310	
1344888293570199552	1022481486333632512	2043	73	444	842	3970	0	43050	0	1	0	76	1544	
1344888297777102850	1255784369119047681	1400	95	366	777	19148	0	5115	0	1	0	86	461	
1344888297772863488	841798543	4175	21	1853	2371	13765	11	97424	0	1	0	139	198	
1344888301950435332	397833106	4510	19	825	676	1625	2	31225	0	1	1	125	5523	
1344888306140663809	2453319961	3602	0	66	780	88336	2	47105	0	1	1	95	9442	
1344888310351556609	1320692585724141575	1220	43	99	283	988	0	1726	0	1	0	76	1596	
1344888310338965504	1289915912129335296	1305	10	95	130	11058	0	3048	2	1	0	139	888	
1344888318744358913	3579881238	3088	139	97	655	81397	1	258785	10	1	0	140	29218	
1344888322955636737	2547183865	3556	12	307	442	18635	1	6124	0	1	0	140	63518	
1344888331306377216	59008461	5335	37	155	345	17564	1	9878	0	1	0	139	31986	
1344888339711860736	4597705033	2994	0	378	352	12328	0	7000	0	1	0	130	37903	
1344888348096090112	1010027940	4094	43	257	277	45716	7	21504	0	1	0	130	37902	
1344888352282005505	1197874922510409728	1559	0	6	124	315	0	22683	0	1	0	61	49691	
1344888356476497920	875473277220773888	2449	22	437	3095	39300	6	23591	0	1	0	87	73166	
1344888373270474752	3973991135	3057	2	451	438	130889	0	46086	0	1	0	102	198859	
1344888381642321920	34337137	5425	128	414	910	5952	24	10403	0	1	0	63	23333	
1344888385836523522	1944521316	3796	0	61	45	1113	1	912	0	1	0	67	20703	
1344888385865830402	1084675472019976192	1872	0	99	399	4154	0	2376	0	1	0	140	38600	
1344888390064324614	950000511817695232	2243	26	7	384	6391	0	27011	0	1	0	76	1775	
1344888394242011136	828485330290499584	2579	20	66	79	420	0	307	0	1	0	130	37945	
1344888411019067392	1274343949046431745	1348	0	12	61	1749	0	716	1	1	0	107	621	
1344888411006464003	1216658695	4021	51	470	693	16137	0	15263	0	1	0	68	3551	
1344888411006636033	1308245330014674944	1255	0	87	822	11400	0	9637	0	1	0	140	10358	
1344888415213424640	250102770	4766	43	6190	41	313	38	37875	0	1	0	76	1833	
1344888419390902273	4916628460	2935	8	187	1274	16499	5	19574	0	1	0	42	44575	
1344888423606349828	996091999894822912	2116	38	234	217	5193	0	1715	0	1	0	72	446801	
1344888431969665024	1125791622803836929	1758	46	212	351	12741	0	9686	0	1	0	85	335847	
1344888440387616768	862319374975213569	2485	54	105	117	29071	0	11088	0	1	0	68	3560	
1344888440383422464	1215225484264345601	1512	0	264	580	78602	1	51420	0	1	0	140	31504	
1344888448759390208	839883582944403456	2547	75	128	876	353835	0	239366	0	1	0	104	220	
1344888452962250753	2616031244	3520	31	304	344	2903	1	24560	0	1	0	82	69242	
1344888457160626178	1155506270620676096	1676	48	993	97	3461	1	4181	0	2	0	135	143	
1344888461363474432	720372631090769921	2877	72	104	269	1065	0	639	1	0	0	40	0	
1344888461329903616	183978330	4933	28	811	436	327	0	26301	0	1	0	102	198978	
1344888465536610304	2149461768	3781	78	128	38	0	2	59285	0	0	0	26	0	
1344888473916854272	16448944	5635	137	715	609	19151	37	54256	0	1	0	63	23513	
1344888482322329600	1156254956942516224	1674	141	596	1656	165774	24	72192	0	1	0	76	1956	
1344888486512500736	1312532677564694529	1243	152	729	1075	3647	6	5184	0	0	0	23	0	
1344888486524977157	1379010823	3962	44	197	292	33878	3	69138	0	1	0	140	264	
1344888490719281152	1161119379146174464	1661	16	287	137	5469	0	5798	0	1	0	140	21376	
1344888494888370183	1118730818526908417	1778	4	78	119	4174	0	4515	0	1	0	59	10128	
1344888499103645697	99947907	5175	11	913	272	260	1	45593	0	1	0	102	199012	
1344888499112206336	1073996360582684672	1901	0	1	10	235	0	12	0	1	1	125	5631	
1344888499116261376	1275749404134146049	1345	35	1380	1863	93284	8	28363	0	1	1	95	9547	
1344888499107893249	713962741589872645	2895	0	6	103	1012	1	132923	1	1	0	107	638	
1344888511665561601	1267809901461422080	1366	19	303	438	2352	0	2746	1	1	1	140	31387	
1344888515881000961	2282970909	3697	67	24	1094	18949	0	4541	2	1	1	128	17487	
1344888520054169600	1099014201652195330	1832	99	1634	2812	10765	0	110326	0	1	0	139	6413	
1344888545228439578	1154749655781036033	1678	11	41	327	2384	0	1446	0	1	0	76	2062	
1344888557802930178	1188272523613360128	1586	129	697	1169	53057	0	29006	0	1	0	67	3454	
1344888562014011393	1277436127708712961	1340	32	1330	1328	2469	17	24993	0	2	0	135	220	
1344888566200098817	4704732313	2978	40	869	951	44780	0	12026	0	2	0	139	477950	
1344888570390208513	179822642	4943	0	525	4402	158429	1	94641	0	1	0	140	164184	
1344888574580117504	49871517	5364	87	517	238	41191	6	206730	0	0	0	23	0	
1344888574597091328	2918019432	3374	92	309	693	62223	4	9518	0	1	0	104	18994	
1344888574580285441	847813451481264129	2525	49	1632	1797	98081	0	26339	1	2	0	90	42087	
1344888574605463552	160346441	4994	77	237	571	181714	5	88666	0	1	0	91	54173	
1344888578803953670	1532532936	3906	36	352	1095	40482	5	7184	0	1	0	92	185677	
1344888587184087041	1330099302291660804	1195	45	4	183	423	0	263	0	1	0	117	103264	
1344888591353311233	153578857	5013	21	585	269	131175	14	108702	0	1	0	59	36327	
1344888599750307840	1261685474328018946	1383	149	7492	4947	3165	8	7405	0	1	0	140	164241	
1344888599754534914	1206302885144907776	1536	0	7	61	1104	0	719	0	1	0	140	164241	
1344888599758692353	701803138047725568	2928	3	841	836	1814	0	1451	0	1	0	104	19013	
1344888599754358785	1564360914	3893	35	245	626	2762	3	17158	0	1	0	59	36360	
1344888612337328130	564720643	4324	49	281	273	81304	9	54729	2	1	1	128	17557	
1344888616519151617	701276662835638273	2930	48	185	228	19020	0	3274	0	1	0	112	49431	
1344888624928718849	2148979706	3781	117	523	1013	5462	4	5030	0	0	0	23	0	
1344888629131284481	1220997139	4020	0	139	157	22	0	3864	1	2	0	90	42222	
1344888645900144640	1255903826621562880	1399	49	436	503	4253	0	2351	0	1	0	140	326	
1344888650098565122	2923356223	3369	24	40	279	1008	1	153972	0	1	1	125	5712	
1344888662669012992	2780718148	3446	0	319	578	11922	2	13635	0	1	0	140	164356	
1344888662656487424	223596388	4832	36	439	433	61166	17	145067	2	1	1	128	17591	
1344888683636383744	1245539753342242816	1428	17	40	125	12487	0	5624	0	1	0	59	36640	
1344888692024999941	1928813258	3801	136	74	463	10920	0	3566	0	1	0	62	208912	
1344888692020629512	2401308596	3632	34	540	738	10777	1	103633	0	1	0	88	46	
1344888696227602439	1305505733920911365	1262	0	134	359	10580	0	742	0	2	0	139	478208	
1344888696231710720	1249067174100000768	1418	104	3206	3143	12059	0	22500	0	1	0	76	2318	
1344888700426018816	1253226273456840713	1407	20	162	150	5957	0	7866	0	1	0	88	50	
1344888704603746307	479974729	4411	112	674	612	2568	0	40823	0	1	0	82	69511	
1344888704628756480	927710384	4132	53	83	2488	13740	0	174042	0	1	0	61	50112	
1344888704616202240	1121778511935492096	1769	97	551	1626	3696	1	5600	0	1	0	59	10194	
1344888721397542912	870296033116340224	2463	0	67	150	841	0	9941	0	1	0	114	189002	
1344888733993033729	1297411303296733185	1285	65	255	437	10064	0	4366	0	2	0	139	478276	
1344888742360788992	1101718025630302209	1825	9	4	31	20720	0	13838	1	2	0	90	42481	
1344888750745251841	1025385976233959426	2035	47	233	286	34878	5	14739	0	1	0	68	3653	
1344888750749462530	852315252280532992	2513	156	1055	1795	66172	1	25244	0	1	0	102	199392	
1344888750745128960	1282673392945172480	1325	75	387	869	36422	3	12081	0	2	0	135	323	
1344888759146467330	336263077	4611	0	615	1848	316904	18	162072	0	1	0	59	36922	
1344888759150665730	1238471680302944257	1447	103	3318	3588	12620	0	16571	1	1	1	140	22813	
1344888767526490113	1201755525441970176	1549	111	602	881	99474	7	37736	0	1	0	76	2424	
1344888771733409792	1110377585567907842	1801	38	113	200	4545	0	3397	0	1	1	125	5768	
1344888771746144256	2851097423	3409	0	223	389	8361	5	7398	0	1	0	32	0	
1344888784328900613	15554853	5699	67	129	601	145	1	525	0	1	0	63	24117	
1344888796886695939	783473570424893440	2703	24	110	314	14128	0	2344	0	1	0	102	199442	
1344888805262848002	243439964	4781	22	792	265	1948	1	78839	0	0	0	24	0	
1344888809469652994	3314448448	3187	90	498	317	23728	6	57867	0	1	0	65	1035	
1344888817870802950	1214067862299541505	1515	34	1558	1552	7976	13	14707	2	2	0	140	0	
1344888822065074177	3476285952	3097	134	964	890	51473	5	127928	0	1	0	140	815	
1344888822077612038	1344637297308749830	1154	12	1	4	7	0	468	0	3	1	140	0	
1344888830432739328	990074502842216448	2133	113	38	547	6696	0	5308	2	1	1	128	17692	
1344888830432829440	733897014438682624	2840	133	1579	3282	6052	13	1826	0	1	0	139	32272	
1344888838825639936	375051073	4547	36	959	940	125712	1	37871	0	1	1	91	65	
1344888864004042755	956261407053504512	2226	23	5137	4491	22196	0	8268	0	1	0	92	185839	
1344888863995486208	713167988233375745	2897	124	36	77	6030	0	18609	1	1	1	140	24705	
1344888864012288000	1198788098798149632	1557	0	1	29	550	0	199	0	1	0	140	31621	
1344888868198182912	1334138123928780801	1183	11	15	902	1183	2	4197	1	2	0	99	312	
1344888868214980610	2337532592	3670	64	257	208	29086	1	33904	0	1	0	77	47316	
1344888872379904000	1097041628785602561	1838	5	439	907	21987	0	17795	0	1	0	140	419	
1344888876595253251	1303925996832268288	1267	16	301	437	5015	0	8437	0	1	1	95	9743	
1344888880789553153	1249067174100000768	1418	104	3206	3143	12061	0	22504	0	0	1	140	0	
1344888897550102529	1164734025174573057	1651	139	38	156	5059	0	2331	0	2	0	53	5224	
1344888901731819520	982154087029399553	2155	28	160	126	29872	0	23050	0	1	0	82	69726	
1344888914344087552	2886462227	3387	87	537	563	878	0	658	0	1	0	43	0	
1344888914335580163	61386842	5327	77	120	780	10222	0	7239	0	1	0	140	10813	
1344888918529884165	949520203888476160	2245	53	64	58	10515	0	740	0	1	0	59	37500	
1344888918508851200	820926332154494976	2600	0	157	260	2567	1	26580	0	1	0	88	135	
1344888918546649090	3233305214	3194	103	293	316	598	1	135055	1	1	1	140	22833	
1344888931112919041	1115635003814174722	1786	28	864	691	60345	0	58815	0	1	1	125	5854	
1344888935324016641	1052413047669710848	1961	76	166	179	43067	1	23153	0	1	0	76	2651	
1344888935311319042	450970611	4443	147	1145	897	242481	10	115772	0	2	0	139	478637	
1344888939480457222	1159059557924163584	1667	8	1770	2259	27013	0	6671	0	1	0	92	185876	
1344888943708278785	2676254651	3525	36	524	426	3310	0	2086	0	1	0	92	185876	
1344888964646395906	81668482	5253	151	19520	2879	12302	105	125707	0	1	0	51	114424	
1344888964654784513	1054401430990307328	1955	35	162	167	6163	0	1373	0	1	0	67	2	
1344888968861478913	1121684014052458497	1770	33	470	974	79157	0	18689	0	1	0	74	1070	
1344888973072601089	1270515784578523136	1359	106	1056	1116	5440	2	10984	0	1	0	140	16	
1344888973068439553	1111909092103086081	1797	66	386	454	51482	1	6116	1	2	0	90	43034	
1344888981448773633	1182878942409252864	1601	9	39	65	2800	0	287	0	1	0	51	114466	
1344888981452779520	1132117303053750272	1741	64	246	244	29594	13	12642	0	1	0	82	4352	
1344888985622085635	1283931374517456896	1322	32	45	136	3684	0	3084	0	1	0	42	45436	
1344888989845745665	281187491	4705	0	132	1869	41192	1	32960	0	1	0	88	3945	
1344888994023301126	1491318715	3918	42	138	514	14799	0	1731	0	1	0	64	2743	
1344889002411790336	2586999451	3536	37	157	190	12259	0	3455	0	1	0	140	63899	
1344889010796122116	566777639	4322	71	266	308	8615	14	247678	1	2	0	90	43121	
1344889015011577857	161788931	4990	37	7962	6924	33489	15	13203	0	1	0	82	4366	
1344889019193200640	110661046	5140	47	557	916	2307	1	28140	3	1	0	140	102025	
1344889031755264000	884129900617240578	2425	0	100281	1762	4692	257	723706	0	1	1	139	1	
1344889035957927937	708448405962559489	2910	136	3900	4996	124741	10	175416	0	1	0	139	32390	
1344889040156336128	1040246042065657857	1994	66	708	692	12367	1	4563	0	1	1	125	5907	
1344889044342370305	35544704	5421	55	630	531	44143	8	127671	0	1	0	76	65097	
1344889048532451328	1523889631	3909	30	1064	835	20819	4	72337	0	1	0	46	390	
1344889061148925954	734090313288036352	2839	0	24	101	9664	0	3354	0	1	0	51	114667	
1344889073727635456	552391562	4339	117	6198	277	5348	29	4360	0	0	0	24	0	
1344889073731842048	500309003	4389	28	4054	3815	25556	27	193326	0	1	0	46	417	
1344889073736036352	1329032484798033920	1197	88	424	1600	2198	0	8493	0	1	0	139	6635	
1344889077913382912	1241217900179943424	1440	1	2	2	697	0	379	0	2	0	139	478864	
1344889082086756352	864706398470365185	2479	4	396	1536	114956	1	16442	3	2	0	134	1056	
1344889090508873728	1137709746721501184	1725	19	8	46	2824	0	1055	0	1	1	125	5941	
1344889094678007811	2175831854	3768	50	118	690	17618	5	142959	0	1	0	86	572	
1344889094669627392	837401636712566785	2554	147	1377	1233	70747	9	32660	0	1	0	64	2772	
1344889103079403521	3025313046	3298	19	1083	130	5017	1	6136	0	1	0	51	114790	
1344889107252613121	1250792526849536000	1413	44	824	842	3509	0	6902	1	2	0	90	43334	
1344889115674894337	1039851937	4080	0	45	253	2804	0	2935	0	1	0	61	352	
1344889115645394944	261561811	4743	41	1538	1493	62111	11	65758	0	1	0	76	2880	
1344889124054999042	1117736943893135360	1781	34	721	1213	48736	0	47718	3	1	0	140	84	
1344889128253599745	2293461078	3696	22	253	360	2439	0	1384	0	1	0	51	114868	
1344889145005494272	1325686955263188992	1207	50	3	122	5436	0	3113	0	1	0	88	190	
1344889145022324738	1284338866216824834	1321	9	11	9	4744	0	1556	10	1	0	140	29598	
1344889149212471296	867568178024652800	2471	28	4349	692	331842	134	127624	0	1	0	70	143102	
1344889149208326144	32230036	5431	128	4080	4954	83155	45	57084	0	1	0	84	4320	
1344889149233328131	358625055	4576	6	315	309	316	2	93615	10	1	0	140	29601	
1344889153390055424	3130905451	3254	0	84	588	6690	17	582	0	1	0	63	24852	
1344889153406730242	1011156797221101568	2075	21	39	46	1330	0	1404	1	1	1	140	22848	
1344889157609406468	1211086835285254144	1523	5	44	270	1724	0	6762	0	1	0	76	2922	
1344889170183868417	764004973969412097	2757	15	91	298	18981	0	2325	0	1	0	82	70013	
1344889170175479809	4731209658	2973	160	5238	5775	499435	16	154352	0	1	0	139	6678	
1344889186965282817	1310612480784134145	1248	81	381	434	4330	4	3650	0	2	0	135	531	
1344889191138799616	1128072296080523267	1752	76	298	496	46569	1	19704	0	1	0	67	603	
1344889195349872640	807422311	4192	25	809	967	75825	14	47931	0	1	0	104	19487	
1344889203729944578	883512167395336192	2427	38	100	77	5341	0	7013	0	1	0	82	70054	
1344889203725746176	981427588374716417	2157	0	584	577	2356	0	14069	1	1	1	140	25720	
1344889212110180358	1062175375982125057	1934	1	169	222	7763	0	9753	0	1	0	91	54885	
1344889212143734785	1261695168043868162	1383	68	928	1430	85839	5	95150	1	1	1	140	25722	
1344889212118519809	1223600530380881920	1488	10	1	71	1435	0	317	1	2	0	90	43571	
1344889212143771653	1050037431578161153	1967	79	6	154	3298	0	7753	0	1	0	140	572	
1344889212147957762	1232432597059268608	1464	23	1449	1453	13710	10	14656	0	1	1	125	6014	
1344889220515713025	882310142745858048	2430	57	163	224	11815	0	7265	0	1	0	51	115102	
1344889220511399936	1201555116404330496	1549	14	114	514	28954	0	19404	0	1	0	61	50729	
1344889224714190848	1019467137998622720	2052	1	164	213	43757	0	26087	0	1	0	85	336941	
1344889228925181952	1075687075641323520	1897	35	41	127	4763	0	11443	0	1	1	140	29	
1344889233085874183	968492287385780224	2192	25	219	1014	7517	0	93298	0	1	0	88	209	
1344889233094438912	249452591	4768	142	7965	8392	240010	6	169859	0	1	0	84	4330	
1344889237284343808	1544569250	3901	0	105	200	102703	0	7817	0	1	0	80	25661	
1344889237305364480	2324596776	3678	22	514	239	22308	7	128719	0	1	0	91	54931	
1344889241495547904	4262853737	3019	0	591	277	20568	2	24333	0	1	0	46	575	
1344889245673136129	565798787	4323	108	2184	1008	18078	21	331822	0	1	0	102	200100	
1344889254074343427	929996334437978112	2299	151	786	315	11690	6	6957	0	1	0	67	21	
1344889266640400384	22045022	5480	158	227	663	2015	11	6977	0	1	0	63	25064	
1344889275041636353	1268483379437211649	1365	72	68	224	728	0	600	0	1	0	83	0	
1344889275041517576	1290879032410570752	1303	31	25	52	18395	0	11652	3	2	0	140	328	
1344889291835494400	726938499476164609	2859	7	214	228	31162	0	11330	0	1	0	140	64052	
1344889296008982530	17057792	5600	150	8862	1756	9419	184	119399	0	0	0	24	0	
1344889296004796416	1325902359361433601	1206	159	146	579	13688	0	6863	0	1	0	140	21862	
1344889296034156544	1066426919523098624	1922	130	2486	3882	24558	1	17889	0	1	0	139	32550	
1344889296021561349	1452674802	3933	20	487	356	13590	0	34029	0	1	0	104	19574	
1344889300215877632	274982273	4717	87	22259	12324	8533	7	39580	0	2	0	73	108	
1344889304401596418	975307906622029824	2174	24	22	117	8949	0	14225	0	1	0	74	1228	
1344889308583522304	895026058881380352	2395	29	75	142	3319	0	480	0	1	0	51	115338	
1344889308595961859	1155556302535270400	1676	89	91	90	16512	0	7695	0	1	0	117	103946	
1344889308604366848	1145344417273798661	1704	36	356	562	53893	1	25927	0	1	0	86	598	
1344889312798789632	2160258116	3776	41	265	253	7808	0	10110	0	1	0	51	115352	
1344889312798715909	1255888185055490048	1399	37	1328	1536	50258	38	10861	0	1	0	82	4417	
1344889325364756481	2351486138	3662	131	133	1059	1117	0	3954	0	2	0	137	12	
1344889337972985861	525676572	4367	14	523	1957	68617	0	71806	0	1	0	140	21887	
1344889346365685760	1396353697	3955	73	1988	1537	776	4	92712	0	1	0	139	115	
1344889350539001856	4801971776	2959	3	39	598	64333	0	66805	5	1	1	130	98	
1344889354745995264	242520139	4783	79	173	193	1477	8	17934	0	1	0	64	2858	
1344889354754392064	709270236286078976	2908	79	258	466	26832	6	26980	0	1	0	112	49680	
1344889358910939136	1408324652	3950	25	287	330	9254	1	5470	0	1	0	102	200269	
1344889358948720640	2701094838	3497	16	540	420	123892	0	12680	0	1	0	46	705	
1344889367303745538	2809342053	3433	53	26	89	13481	0	486	0	1	0	140	883	
1344889371531612160	695768824499539968	2945	9	177	900	3373	0	2177	0	1	0	63	25268	
1344889371531509762	108239214	5148	2	162	470	14510	3	53367	0	1	0	139	126	
1344889384076627969	531205091	4362	61	105	1328	19198	0	72703	0	1	0	76	3131	
1344889388271079426	945344556039659520	2256	0	5	568	25155	3	21745	0	1	0	69	18914	
1344889388304539648	1268377679780171784	1365	132	4402	3692	438	36	27092	1	1	0	107	779	
1344889405069254657	202385192	4886	93	3169	2848	30430	12	53608	0	1	0	46	753	
1344889409246736384	119179612	5111	32	591	407	6918	5	40901	0	1	0	46	757	
1344889409280172032	437669705	4458	0	213	144	21246	0	30614	0	1	0	102	200315	
1344889413445140484	728440460251824128	2855	57	426	2235	7774	0	17046	0	2	0	137	22	
1344889421859086337	1123966082677727232	1763	54	4759	5009	50222	13	34761	3	2	0	134	1128	
1344889426044981255	731150184139235328	2847	0	294	780	31719	0	16179	0	1	0	76	65772	
1344889434416717827	1305570085277368321	1262	33	1132	1342	19776	2	20342	0	1	0	140	39449	
1344889434421030912	1067595791211085826	1919	34	153	353	18957	1	6435	0	1	0	64	2884	
1344889438615326720	843610781916839937	2537	0	1278	2128	314323	13	190478	0	1	0	140	21947	
1344889442822098946	2600032578	3528	115	547	642	138540	10	462394	0	1	0	104	247	
1344889447008055298	1331877314028834816	1190	20	27	155	320	0	121	0	1	0	92	186175	
1344889447012327424	1320923137538740224	1220	31	139	320	471	0	1563	0	1	0	59	39279	
1344889455392542720	1288947786306682881	1308	0	336	1162	27569	0	5006	0	1	0	67	3530	
1344889455396626433	1282325889187868672	1326	104	635	890	7266	1	16071	0	1	1	140	98	
1344889459574255617	944712963084242944	2258	22	67	290	2718	0	4715	0	1	0	112	49733	
1344889463781134336	1152072088724762624	1686	10	620	480	28743	1	10038	0	1	0	104	19708	
1344889463789350913	1145989610125660160	1703	60	568	564	18928	4	13220	1	2	0	90	44071	
1344889472173834240	261057000	4744	28	595	527	2180	2	27349	1	1	1	127	0	
1344889476359680000	1317642215800229889	1229	22	334	629	19345	1	8741	0	2	0	135	642	
1344889480574996483	1127060928	4049	140	111	447	14755	4	5698	0	1	0	102	200404	
1344889488972120064	22137303	5479	0	124	242	15562	2	10127	0	1	0	139	32660	
1344889493128699906	996957945937235969	2114	127	14	232	890	0	838	0	2	0	137	33	
1344889493145399297	767036917	4211	25	677	383	34285	0	78931	0	1	0	42	46192	
1344889493132873729	792187016301518850	2679	135	5491	5292	192465	0	81468	0	1	0	139	6807	
1344889514116980736	888565146997706752	2413	104	45	217	4944	0	1708	0	1	0	69	18985	
1344889518294401026	2175038022	3768	10	307	225	8255	3	18679	0	1	0	84	83	
1344889518332239872	1199822787470413824	1554	81	56	468	17994	3	6156	0	1	0	67	1106	
1344889530894090240	25956360	5456	21	609	470	138060	3	24005	0	1	0	104	19753	
1344889539278626821	1190232397306122242	1580	86	4148	4297	26432	1	29584	2	1	0	140	9	
1344889547671429120	1329068661705994240	1197	141	196	966	13651	0	12601	0	1	0	84	4358	
1344889551869906944	23196051	5471	151	18095	15185	103731	756	463116	0	1	0	41	0	
1344889551853125633	1165103404206764032	1650	8	74	43	23930	1	592	0	1	0	139	55755	
1344889556043137025	2889693600	3403	64	857	582	9705	3	10073	0	1	0	59	39623	
1344889560258363392	965136402001289216	2202	50	39	122	60145	0	33030	1	2	0	90	44341	
1344889564452638720	2384369214	3641	160	2043	2267	43641	104	88869	0	1	0	140	22010	
1344889572824645632	763877159693758465	2757	30	58	392	31982	0	14476	0	1	0	76	66025	
1344889572824674304	1266848521766010881	1369	42	329	310	2032	0	1979	0	2	0	139	479618	
1344889572820283393	1011505113523892224	2074	44	594	566	45333	2	19580	0	1	1	95	10116	
1344889572828852224	616705113	4267	106	180	537	60403	4	13056	2	1	0	97	23	
1344889572824473601	789728588958306304	2686	0	181	395	14854	0	5804	0	2	0	135	667	
1344889577014751234	419377283	4481	76	488	1043	36000	2	41934	0	1	0	139	55785	
1344889581225738242	1118385201539899392	1779	16	400	704	24498	0	11132	0	2	0	135	670	
1344889589610246144	1296458595157123073	1287	0	9	43	3077	0	3126	0	1	0	140	166006	
1344889593821356032	1212912783685115904	1518	62	734	1452	86351	3	47163	0	1	0	130	38768	
1344889602197229568	1296728362031828998	1287	58	712	864	1616	2	1566	0	1	0	59	10490	
1344889610569191426	1071929273253093376	1907	21	105	146	5279	0	3435	0	1	0	70	143677	
1344889614775975942	378449983	4542	52	1440	364	7317	7	343668	0	1	0	76	3345	
1344889631553196032	72929557	5285	143	2033	205	7160	13	213304	0	1	0	76	3389	
1344889635768512512	955930203418701826	2227	38	35	170	11776	0	3219	0	1	0	85	337454	
1344889635747598336	2569852736	3545	87	1783	1089	11447	17	30956	0	1	0	67	1269	
1344889648347115520	1321972900530827264	1217	28	33	34	53	0	110	0	1	0	140	64261	
1344889652545667072	808430429220913152	2634	97	94	215	5854	5	3773	0	1	0	67	21175	
1344889656723333120	1264027475559972865	1377	79	205	458	12085	0	2889	0	1	0	139	55873	
1344889656706359298	1271638798019911683	1356	95	1261	1366	10759	4	11508	0	2	0	139	479791	
1344889665095041024	809813972014641152	2630	30	59	601	44530	0	8153	0	1	0	91	55394	
1344889665099206657	1305912568469356545	1261	31	17	188	3290	0	389	0	1	0	117	104282	
1344889669318627328	987187661294092288	2141	25	145	586	63197	0	83162	0	1	0	65	1397	
1344889681884770304	337004139	4610	26	2930	266	35158	4	13281	0	1	0	85	337461	
1344889681901715458	792157423649775617	2679	0	5	49	4904	0	2106	1	2	0	90	44591	
1344889690265104384	1054488945659207680	1955	39	64	211	11659	0	272	0	1	0	140	166176	
1344889694492962816	304844408	4663	11	409	440	3305	0	4537	0	1	0	72	448766	
1344889707059142657	827541813883965441	2581	141	3566	4500	125164	1	144230	0	1	0	84	4368	
1344889711236669440	954368777554223104	2231	0	1514	2269	43903	0	16759	0	1	0	84	477	
1344889728034770944	2267601191	3704	0	1049	52	3589	9	56274	0	1	0	140	31868	
1344889736406601732	1296297646492012545	1288	148	718	2889	3661	0	11063	1	2	0	99	357	
1344889753196347394	864962672340615168	2478	0	311	280	6519	0	2091	0	1	0	70	143828	
1344889753196347392	852335527034470401	2513	140	1082	994	17463	0	6168	0	1	1	140	164	
1344889769965154310	435720788	4461	10	84	276	10077	3	125196	0	1	0	139	257	
1344889774155337735	723909367070756873	2867	157	87	449	13584	0	9875	0	1	0	65	1443	
1344889778358120450	317081758	4642	120	706	678	40121	14	38635	3	1	0	140	102582	
1344889782569062401	38623937	5410	147	2122	4348	5195	4	47507	1	2	0	135	11	
1344889786742558721	726796098824736768	2859	41	2529	2336	20807	50	22093	0	1	0	85	337640	
1344889786734174208	2222560033	3743	47	332	418	49484	1	3340	0	1	0	51	116591	
1344889799350616065	1136756934906994691	1728	2	521	368	22100	0	2806	0	1	0	140	64322	
1344889807701504000	2293860404	3696	5	1220	1118	22102	3	47596	0	1	0	77	48336	
1344889807709888514	875786928079196161	2448	88	3221	4946	66057	0	72460	0	1	0	140	11565	
1344889820322136068	2186528931	3754	79	239	322	16352	0	2384	0	1	0	62	210191	
1344889824503881728	2624685454	3541	126	8	352	2739	0	124	0	1	0	63	26087	
1344889824503685126	4312917740	3021	14	43	110	493	0	33744	0	1	0	139	322	
1344889832900866049	707730938864635904	2912	0	103	110	18105	0	83	0	1	0	117	104423	
1344889832888127488	1316675370934960128	1232	60	7	105	109	0	1496	0	1	0	139	277	
1344889837086797826	742185591102525440	2817	18	19	19	6002	0	2562	0	1	1	125	6314	
1344889841280897024	1315523447296978944	1235	45	134	2503	7223	0	13030	0	2	0	137	73	
1344889841276710914	1321093994835857408	1219	24	402	1344	1625	0	8354	1	2	0	135	54	
1344889845475205121	1078750998	4066	120	105	501	2754	1	32803	0	1	0	140	824	
1344889845471055872	572382647	4316	40	2940	230	27876	17	192955	0	1	0	76	3860	
1344889849673760768	2365629218	3652	5	860	557	143673	6	240991	0	1	1	125	6320	
1344889862235668483	1615680973	3872	46	2557	1406	221	4	6577	1	2	0	135	67	
1344889870632669184	1291137848184209409	1302	91	1	51	1045	0	2903	0	1	0	139	290	
1344889874848092165	1343958075473092609	1156	61	5	167	347	0	151	0	1	0	140	39816	
1344889879025438721	1977676872	3783	3	718	1558	283	2	28591	0	1	0	140	31916	
1344889879029837826	1268182656644194304	1365	134	1088	2604	11901	1	23281	1	2	0	135	77	
1344889883232358401	4011959773	3049	68	80	422	54507	1	17363	3	1	0	140	102649	
1344889895819517952	754216909420138496	2784	81	43	332	84321	0	32067	0	1	0	88	318	
1344889900005347328	1336298820720705542	1177	69	78	104	1686	2	1705	1	1	0	107	829	
1344889912592515075	1296290341834776576	1288	35	78	1682	5010	0	9335	1	2	0	99	359	
1344889916757577733	1420615711	3945	27	121	136	67977	0	20494	0	1	0	68	4029	
1344889920951824385	1194106542364200960	1570	11	77	156	4312	2	3088	0	1	0	85	337805	
1344889929336115201	1320969986748207106	1220	0	16	93	2799	0	906	3	2	0	134	1197	
1344889946126102528	1217987596665618432	1504	44	173	305	3071	0	1283	0	1	0	51	116986	
1344889950312030208	2453884199	3620	77	2687	1125	25925	7	71389	0	1	0	62	210357	
1344889962890747904	4614296793	2986	26	1574	1899	8819	1	3125	0	1	0	84	827	
1344889962903191553	117430181	5116	85	294	284	9014	8	76119	3	1	0	140	102696	
1344889962890723329	4064609061	3045	66	97	81	1433	0	9378	0	1	0	140	64442	
1344889962919936001	906178039830032384	2364	33	12	139	6425	0	20039	0	1	0	104	254	
1344889967106002944	125364997	5091	0	63	194	9778	0	4852	0	1	0	140	166631	
1344889971283349505	81296132	5255	140	635	4995	105839	15	17961	0	1	0	144	4039	
1344889975507185669	132645775	5069	33	103	209	5317	0	40576	0	1	0	59	40986	
1344889979676155905	863940234383429632	2481	0	32	193	900	0	283	1	2	0	135	111	
1344889996474544130	1290134645519134720	1305	45	11	46	102	0	51	0	1	0	87	75734	
1344889996482732032	705333558131314688	2919	104	1370	1102	7266	5	251236	0	1	1	95	10280	
1344890021640351744	2597508530	3530	39	1482	958	9225	1	7608	0	0	0	25	0	
1344890021615185922	615725415	4268	116	3368	3613	9965	5	14915	4	2	0	140	525	
1344890025838837762	138874889	5052	27	670	295	6382	0	7793	0	1	0	82	4545	
1344890034214690816	1333566060025376770	1185	136	2	38	908	0	162	0	0	0	26	0	
1344890038421573634	2264107343	3706	43	310	685	4463	2	1131	0	1	0	102	201222	
1344890046801993729	234803298	4801	0	160	446	2030	1	1112	0	1	0	59	41220	
1344890046801825795	95395022	5196	47	614	298	2959	23	287752	0	1	0	91	55853	
1344890046814404608	974146237560537090	2177	0	2	43	6858	0	1557	0	1	0	76	4248	
1344890050983563264	1247596151559221250	1422	50	3251	3141	5478	11	26501	0	1	0	140	31968	
1344890055169630209	1050265087225815040	1967	101	117	936	203168	0	73680	1	1	0	73	657	
1344890059368095744	3524469801	3101	33	67	100	2220	0	2112	0	1	0	59	41266	
1344890084546334722	441197143	4454	20	254	380	384	0	10470	0	1	0	61	51822	
1344890084533956611	1236522424356782081	1453	16	57	73	2477	0	1649	0	1	0	77	48619	
1344890084554928129	4709314532	2977	42	86	187	19628	0	16995	0	1	0	72	449411	
1344890088723894278	1325436490231369729	1207	120	6	46	1145	0	187	0	1	0	63	26613	
1344890088740839425	1635157651	3865	96	471	767	11149	21	92418	0	1	0	80	25878	
1344890092926640130	1301138841776996352	1274	125	172	1039	10320	0	8894	1	2	0	135	146	
1344890097125249026	1226937000365875200	1479	44	1305	1596	13569	0	10806	2	1	0	140	9	
1344890101315342341	359752506	4574	21	1363	598	19449	29	345821	0	1	0	59	41394	
1344890105501278208	978545694603665408	2165	122	192	778	16856	1	9423	1	2	0	135	148	
1344890113898274817	1061841275010408448	1935	0	1620	452	23086	0	29726	0	1	0	104	20330	
1344890113923321859	1328396683592556544	1199	23	358	389	5042	10	7610	0	1	0	91	55930	
1344890113923444736	1228769820348502016	1474	6	5	74	2468	0	1725	0	0	0	28	0	
1344890118088212482	292408230	4684	44	105	129	3708	3	704	0	1	0	102	201331	
1344890118084071425	1212279749860446210	1520	99	1297	1288	9937	6	20271	0	1	1	95	10340	
1344890122311933955	2965852495	3339	153	183	1308	59383	0	102813	0	2	0	139	480597	
1344890122307653637	1153548840420515840	1682	10	178	282	10476	0	4318	0	1	0	104	20329	
1344890134869798919	2440824277	3609	0	3214	279	230799	5	120247	0	1	0	88	4418	
1344890143249821696	1099871528475217920	1830	145	1609	998	227	1	9701	1	2	0	135	155	
1344890155841196038	1288696528467443712	1309	90	350	476	155	0	11085	0	1	0	139	382	
1344890164233916417	1148079228694306817	1697	72	166	1927	52942	0	18994	0	1	0	140	64592	
1344890168432447490	1156816618489389056	1673	0	1	57	1052	0	360	0	1	0	93	625	
1344890172618391555	1288496899058622464	1309	0	51	263	5328	0	10383	0	1	0	144	4078	
1344890185205469189	1267095367109107712	1368	0	1	26	2379	0	1192	0	1	0	76	4461	
1344890189391556609	33420413	5428	151	352	758	28603	2	19928	0	1	0	42	47133	
1344890193606811648	837768652644630528	2553	48	157	392	37030	0	9789	0	1	0	87	76029	
1344890193577345024	1233208711138512899	1462	28	221	229	50018	0	25812	0	1	0	91	56029	
1344890206172762114	1485202969	3920	20	485	1312	522862	7	466800	3	1	0	140	102856	
1344890214574014464	723539308506800128	2868	1	144	117	11707	0	2827	0	1	0	104	20422	
1344890214557298688	865413059526901760	2477	33	561	590	118721	0	61601	0	1	0	139	56444	
1344890222962765824	1016994623863050242	2059	35	49	163	30638	0	7451	0	1	0	59	41795	
1344890235532967936	956948626739142656	2224	7	67	113	123124	1	31369	1	2	0	90	45765	
1344890243938398208	1310023030287085568	1250	26	6	30	460	0	34	0	1	0	52	11044	
1344890269091594241	817473595630821376	2609	2	1	6	0	0	1	1	0	0	70	0	
1344890273290043394	1107812246	4056	21	195	173	546	0	2948	0	1	0	102	201555	
1344890277492756480	1291536162897633280	1301	98	374	374	689	0	635	0	1	0	86	723	
1344890294265790464	702706183828692992	2926	21	206	546	10988	16	5550	0	1	0	68	4137	
1344890319440064513	15469546	5704	0	92	235	14644	3	12395	0	1	0	63	27050	
1344890319419002880	977780597610364929	2167	131	1419	373	128950	1	212745	0	1	0	117	104919	
1344890336208801792	848002879856066560	2525	157	48	416	10043	0	5773	0	1	0	65	1646	
1344890357171978240	1261300539842719747	1384	85	1756	55	244	2	28052	0	1	0	104	272	
1344890361366372353	48003882	5369	0	164	232	3150	3	2562	1	1	0	69	0	
1344890365552291840	918151815509696512	2331	3	1607	1346	118266	0	29979	0	1	0	72	449854	
1344890369771786241	939928565029769216	2271	0	74	1257	26760	0	26840	0	1	0	140	11984	
1344890373936582656	902398451849216000	2375	7	36	48	7241	0	4078	0	1	0	144	4131	
1344890378135220224	1553820607	3897	69	1136	1855	16546	2	13941	0	1	0	85	338421	
1344890382329507843	822089424565637121	2596	0	184	421	11743	0	2257	0	1	0	102	201733	
1344890382346317825	1181043874418089984	1606	90	334	871	54480	1	11721	1	2	0	90	46039	
1344890382354690048	109400580	5144	151	2005	5001	11658	35	41740	1	2	0	135	221	
1344890386544799749	461569495	4431	130	1142	2022	727	18	1031	0	1	0	63	27167	
1344890386527842304	952085813432496129	2238	15	8	233	1992	0	41599	0	1	0	61	52221	
1344890394908057600	725268176720687104	2864	128	329	339	173	20	17267	0	0	0	59	0	
1344890399135961088	2982731226	3332	41	914	73	4464	1	75608	0	1	0	104	274	
1344890403309420544	2285947356	3701	109	514	599	12603	7	25221	0	1	0	51	118142	
1344890403300937729	524024947	4369	0	23	367	16504	0	16730	0	1	1	125	6557	
1344890403296829442	336938526	4610	128	23458	14548	77157	12	90732	0	1	0	140	155	
1344890411718828032	1142320349201100800	1713	33	123	303	7164	0	1181	0	0	0	81	0	
1344890420107513857	2765928909	3459	4	401	702	26410	3	3441	0	1	0	51	118176	
1344890436863848449	2775873210	3472	7	1314	1015	14211	0	33263	0	1	0	87	76406	
1344890441074761734	948945554721013762	2246	68	104	245	14181	0	19946	0	1	0	84	1429	
1344890441041391616	585186034	4302	65	1661	2799	10736	9	51663	0	1	0	139	7191	
1344890441070731265	1339365171853205504	1169	0	9	53	1220	0	192	0	1	0	139	7191	
1344890445264900096	1344646375988895744	1154	3	1	17	352	0	224	0	1	0	140	1052	
1344890462017003522	2907963403	3385	41	1096	123	55523	0	31989	0	1	0	68	4197	
1344890466223812610	1310009632778145793	1250	9	146	216	5819	0	1877	0	1	0	140	1019	
1344890487199518723	1320239635826642945	1222	4	83	226	1076	0	504	0	1	0	84	1485	
1344890495604989953	1725722732	3830	0	429	350	4206	18	433306	0	1	0	65	1703	
1344890503964340224	1344235274	3975	31	613	391	34522	0	17783	0	1	0	76	67647	
1344890503980961795	1291761814267547649	1300	7	2	85	1097	0	1494	1	2	0	90	46323	
1344890508183670784	1112643876131528704	1795	26	38	194	31330	0	9666	0	2	0	139	481270	
1344890520758194178	105371363	5157	125	375	806	2758	3	577264	0	1	0	65	1710	
1344890524939866114	1263089715130937344	1379	15	1220	1428	12639	7	21226	0	1	0	68	4214	
1344890524965117953	1134036467439640576	1736	95	264	281	6894	1	5502	0	1	1	125	6604	
1344890529125986304	1052751975354392576	1960	96	691	817	101447	6	19933	1	2	0	90	46357	
1344890533316059137	1107010082175361026	1810	48	1662	579	60076	112	22002	0	1	0	92	186791	
1344890533353644032	761734195299225601	2763	79	331	421	302643	8	275693	0	1	0	114	190585	
1344890537539633152	1305885794897330176	1261	0	17	112	1648	0	1853	1	2	0	90	46389	
1344890541742280704	1070727373417369600	1910	83	260	142	125025	0	108371	1	2	0	90	46400	
1344890545923973121	1150329803565703169	1691	73	358	814	15674	1	8826	0	1	0	102	201952	
1344890554325245953	797801472008171520	2663	105	85	689	8298	0	51797	0	1	0	65	1720	
1344890562705387520	423248962	4476	2	531	424	116200	1	9876	0	1	0	51	118529	
1344890566874603520	1343770692202844160	1157	6	1	276	0	0	182	0	1	0	137	2	
1344890571068989442	158061572	5000	0	1555	936	2068	1	70587	0	1	0	43	0	
1344890571064688640	481776377	4409	105	3928	2664	55954	17	206457	0	1	0	76	4985	
1344890579457429505	2582073518	3539	19	102	162	12784	0	176422	0	1	1	140	270	
1344890583656124418	94384984	5200	132	1401	2026	35288	4	9294	0	1	0	140	167734	
1344890587858821122	2567682768	3546	39	52	244	11101	0	604	0	1	0	102	202027	
1344890596268277761	1208602796032843776	1530	0	47	63	6722	0	384	0	1	0	62	211131	
1344890596268277760	66606496	5308	116	240	901	16782	19	333950	1	2	0	90	46494	
1344890604648607744	769001288	4210	21	855	935	7638	2	11946	0	1	0	130	39527	
1344890608851161089	1275301187798003712	1346	152	876	920	3296	8	27613	0	1	0	86	776	
1344890608851193858	943004669814571008	2263	0	184	970	52215	0	60467	0	1	0	59	10816	
1344890613024645121	2502210610	3599	156	16006	17628	136935	73	79566	0	1	0	140	12192	
1344890621429878784	1459708195	3930	19	24	404	22534	0	34175	0	1	0	65	1758	
1344890625628413954	1574394907	3889	25	148	289	13125	10	15413	0	1	0	77	49214	
1344890629789163521	367721575	4560	43	568	550	18304	5	13099	2	1	1	128	18793	
1344890629784891399	980712876565397504	2159	50	9	184	13146	0	15707	0	1	0	104	284	
1344890638173523968	792371007084302340	2678	11	41	517	29464	1	24005	1	2	0	90	46584	
1344890642405576705	877420749597937664	2444	30	95	424	1950	0	2322	1	2	0	135	276	
1344890650756411392	957418894142062592	2223	18	453	403	15218	4	5871	0	1	0	62	211201	
1344890654955085824	265271369	4736	73	245	594	55894	4	8896	0	1	0	63	27625	
1344890654954987520	2636231636	3517	64	33	119	591	0	12723	0	1	1	95	10578	
1344890667558969344	1213260334791684096	1517	96	52	679	274	0	588	0	0	0	30	0	
1344890675922395136	728316764170248194	2855	137	252	552	76665	3	17985	0	1	0	59	43247	
1344890680129294338	1038721040149606401	1999	46	52	899	7882	0	12283	0	1	1	125	6655	
1344890680120729600	935411379091128320	2284	136	2801	3222	21086	7	16003	0	1	0	114	190732	
1344890688505143297	3191759498	3216	92	445	119	8344	6	89739	0	1	0	139	464	
1344890688530501632	1193195307544256512	1572	3	31	88	12179	0	2235	0	1	0	139	56954	
1344890696897949696	38903374	5408	7	126	237	31465	3	6906	0	1	0	139	557	
1344890709476839424	1221459273215025159	1494	77	167	210	3710	3	4172	0	1	0	114	190780	
1344890709514469382	1111218108390207489	1799	16	737	759	1649	11	8317	0	1	0	140	1066	
1344890722089103360	1051226355956822017	1964	14	101	364	2311	0	39990	0	1	0	76	68004	
1344890734672011264	941467788643676160	2267	0	4	3	1191	0	476	0	1	0	69	19596	
1344890738866352129	1305163125231157256	1263	35	136	617	51413	0	5927	0	1	0	144	4202	
1344890743052247040	635080781	4247	7	698	557	100267	4	81698	0	1	0	140	64988	
1344890743035371521	760713767344861184	2766	33	28	537	18887	0	2044	0	1	0	42	47871	
1344890751436673024	191742524	4913	158	106	1181	5958	0	2428	0	2	0	137	130	
1344890751440732160	1169608066532200448	1637	0	157	283	1861	0	626	0	1	0	112	50172	
1344890755618201600	1331620897858306049	1190	10	204	288	4980	0	1425	2	1	0	91	493	
1344890768218083331	932813910515822592	2291	11	101	226	23481	0	2235	0	1	0	67	2583	
1344890772416385025	1105338247280943104	1815	76	73	146	135956	2	53535	2	1	0	140	27	
1344890784974131200	899966851182022658	2381	35	9	617	1734	0	45179	0	1	0	74	1689	
1344890793379639296	1286147697481785344	1316	0	1	44	1312	0	55	0	2	0	78	8223	
1344890793375326208	3310933296	3125	114	347	369	67849	10	17738	0	1	0	64	3388	
1344890793392103424	2386759388	3640	12	2849	1401	12248	10	38453	2	1	1	128	18906	
1344890801780875264	35643173	5421	20	688	729	5502	10	64707	0	1	0	84	1794	
1344890805962633216	843461282376437760	2537	0	41	694	11291	0	2233	0	1	0	59	43633	
1344890805983408134	1148752767785156608	1695	85	250	2368	7617	0	9372	1	2	0	99	393	
1344890826955005952	997870078208049153	2111	26	406	568	14117	2	12201	1	1	0	107	892	
1344890826955091968	64365861	5316	38	1940	739	6539	14	46071	0	1	0	67	2650	
1344890831128256512	949834675358322688	2244	60	284	383	13158	0	4206	3	2	0	134	1351	
1344890839500115969	1106008233963982848	1813	16	113	396	1602	0	85584	0	1	0	140	1205	
1344890839525277696	40633503	5401	157	286	248	2732	10	94447	0	1	0	139	475	
1344890852120932352	1068913939	4069	109	885	243	67098	3	52723	0	2	0	139	481843	
1344890856306663428	1181817471918936064	1604	146	873	669	50369	14	15366	0	8	1	139	0	
1344890860475981830	771734885132369921	2735	102	90	266	7644	2	2847	1	0	0	33	0	
1344890864699666433	1264027782708936704	1377	17	41	50	176	0	385	0	1	0	92	186987	
1344890868872798208	2449949612	3604	48	118	456	2764	0	49783	0	1	1	125	6725	
1344890868898136065	1311791885510414341	1245	51	8	195	4470	0	2898	1	2	0	90	47036	
1344890873058914304	86928649	5231	105	265	387	9623	0	10879	0	1	0	140	323	
1344890877248999424	1321465005506703361	1218	13	2	59	1597	0	2110	0	1	0	139	33508	
1344890885662674947	3148655568	3246	1	534	1736	167294	6	74208	0	1	0	59	43913	
1344890902427406336	1297678068	3993	77	339	96	273	3	40765	0	0	0	27	0	
1344890902435811328	1096820817562927104	1838	156	1114	1980	52169	0	56436	0	1	0	140	12392	
1344890902444191744	812428408735039492	2623	58	8925	9705	101321	4	134446	0	1	0	139	33524	
1344890915010199553	2696107338	3499	0	168	122	41843	0	20593	0	1	0	104	21077	
1344890919208722432	1139239496396890114	1721	13	3	39	34808	0	6133	0	2	0	139	481993	
1344890927618277377	2614171729	3521	21	311	375	2700	0	14410	0	1	0	84	1921	
1344890948568764416	1296006099657568256	1289	24	492	528	84	0	2734	0	1	0	82	71873	
1344890948552073217	3029023869	3305	82	352	300	24922	0	121294	0	1	0	61	52869	
1344890948568940546	1239344346379542529	1445	40	14	14	87	0	1128	0	1	0	114	191004	
1344890952784121858	1335065651119939584	1181	47	422	745	5370	0	2595	0	1	0	88	4733	
1344890956965949440	61013133	5328	144	4545	4994	108886	34	169318	0	1	0	140	40577	
1344890961151754241	1307711058	3990	19	171	233	2851	2	100346	0	1	0	104	299	
1344890965337591808	1677506131	3848	17	77	329	223	0	3654	3	4	0	139	40	
1344890969552900096	1226704713145442305	1480	15	3	368	490	0	1948	0	1	0	144	4249	
1344890977933262848	364823152	4565	4	791	1154	2278	1	6965	0	1	0	92	187048	
1344890977950052352	1079366646752514049	1886	41	583	608	28274	0	21875	0	2	0	139	482056	
1344890977941651458	1269043262016434176	1363	133	15	151	1205	0	713	0	1	0	102	202570	
1344890982110736384	1094401728034848768	1845	34	566	552	5974	1	3480	0	1	0	84	1976	
1344890982114893824	1235853900076339201	1455	70	338	466	25258	5	11858	0	1	1	95	10729	
1344890986300751874	833131200688447488	2566	24	200	188	1079	0	1363	0	1	0	85	339147	
1344890994727276544	483426437	4407	87	1699	498	40683	13	241469	0	1	0	91	56853	
1344890994702102529	1736597022	3827	72	1344	5015	15514	2	14200	0	1	0	140	362	
1344891007276613633	1156975016300503045	1672	78	59	163	9297	0	3804	0	1	0	59	44257	
1344891011466715136	1852157364	3823	0	145	475	48385	3	24468	0	1	0	64	3498	
1344891011466670081	867897012041248768	2470	38	247	341	17623	0	25446	0	1	0	69	19727	
1344891015661056001	2929500826	3359	31	261	290	809	0	4339	0	1	0	140	371	
1344891019855351813	810485898	4191	70	407	367	5769	0	9252	0	1	0	70	145272	
1344891019876311042	3303175422	3134	12	335	137	23585	11	72988	0	1	0	85	339221	
1344891024066420737	20823403	5493	144	2165	449	2285	36	91137	0	1	0	51	119662	
1344891024049647616	4076445881	3043	0	8348	7980	85693	4	133710	0	1	0	112	50253	
1344891028264820737	999110330562179072	2108	0	2017	3393	39658	1	41715	0	1	0	72	450930	
1344891036665933831	103517700	5163	23	433	213	2403	2	151343	0	1	0	76	5538	
1344891040851845121	468019387	4424	0	247	250	50704	0	22209	0	1	0	87	77419	
1344891040839430145	1217574069660520448	1505	132	1402	2208	46557	0	31991	0	1	0	84	4441	
1344891045058727937	284315442	4699	64	353	394	3369	3	23948	0	1	0	140	65165	
1344891053422219264	1177986669443571712	1614	0	1	49	9654	0	1491	0	1	0	88	4774	
1344891053409710081	39706001	5405	0	423	3181	5347	16	4175	0	1	0	63	28306	
1344891057625059329	1172587656032792576	1629	5	10	90	69	0	250	0	1	0	140	384	
1344891057604071430	750720084738445312	2793	73	175	328	54707	0	5215	0	1	0	65	2002	
1344891057624862720	524332748	4368	39	1820	488	1207	4	50077	0	1	0	65	2002	
1344891057612447744	1147662004792025089	1698	69	720	285	20878	2	16300	0	1	0	77	49714	
1344891061823365128	867922703633731584	2470	144	391	367	620	3	6176	1	2	0	90	47398	
1344891070191001601	996212524746932224	2116	106	1238	1839	1142	3	326	0	0	0	24	0	
1344891074385473537	3495338183	3104	23	402	219	22353	0	13045	0	1	0	84	2079	
1344891074406305792	50913928	5361	158	243	226	2635	6	40682	0	1	0	76	5580	
1344891078579773441	361041177	4572	39	260	217	5866	0	5637	0	1	0	59	44472	
1344891082778136576	1208581081584156673	1530	20	10	69	10450	0	2511	0	1	0	88	4778	
1344891087001956357	333052996	4616	18	460	292	41245	4	53979	0	1	0	42	48275	
1344891086993428481	1099098651777998854	1832	144	164	417	5013	1	20107	0	2	0	139	482282	
1344891086976684039	1233018926046629888	1462	37	86	74	6204	0	4552	0	1	0	68	24	
1344891095352827910	31210694	5433	157	146	344	53573	1	4443	0	1	0	63	28363	
1344891099559546882	1185822291222941696	1593	144	113	505	38331	0	48963	0	1	1	95	10781	
1344891103779180545	1276414277159661568	1343	85	250	16	267	0	104	0	0	0	27	0	
1344891107964932097	822441582	4185	0	14	136	7372	0	2945	0	1	0	140	12562	
1344891116362018817	2929272575	3360	116	216	164	144	2	247729	4	1	1	139	0	
1344891124733931522	1955168562	3792	40	387	370	125841	1	35274	0	1	0	104	21310	
1344891128932392965	1189800435672072192	1582	101	28	144	1041	0	431	0	1	0	140	403	
1344891128944885766	913994151552679936	2343	56	11	109	17773	0	845	1	2	0	90	47535	
1344891137299910657	28741291	5444	106	316	464	6995	3	14292	0	1	0	85	339321	
1344891137329307648	909062459297734657	2356	47	480	548	39234	0	30941	1	1	1	121	0	
1344891141502754816	3331680281	3178	39	170	163	2276	0	6202	0	0	0	29	0	
1344891149878628354	618618833	4265	20	750	176	4164	12	68518	0	1	0	140	32259	
1344891158267236352	1267398028127694848	1368	55	268	1484	2735	0	9033	1	2	0	99	405	
1344891162482642944	3960051754	3059	153	14593	14214	13548	52	106950	0	1	0	139	33692	
1344891162486861826	9144482	5997	32	197	159	12174	10	3750	0	1	0	63	28480	
1344891166676770816	1271719446189674496	1356	81	142	227	6370	0	3721	0	1	0	91	57056	
1344891170879655936	1344886877170626560	1154	8	2	7	0	0	1	0	1	0	92	187170	
1344891170871250944	734954594	4226	0	3543	238	9094	16	139776	0	1	0	139	57413	
1344891170854473728	1161591097082241024	1660	112	90	600	10560	0	7997	0	1	0	80	26172	
1344891179264077829	1026916904043257857	2031	15	1090	849	182225	0	23888	0	1	1	140	328	
1344891196037074945	1393183068	3956	13	1472	885	100266	6	56534	0	1	0	104	21366	
1344891200222990337	3424423479	3119	0	121	230	8277	0	9296	0	3	0	95	3	
1344891212797362176	1303339742902145024	1268	0	2	45	1062	0	647	1	2	0	90	47711	
1344891217025359872	165461889	4980	3	298	199	30248	3	15116	0	1	0	102	202897	
1344891233777442821	333164753	4616	100	569	693	5843	4	33915	0	1	0	70	145519	
1344891246347571200	2762197844	3475	144	676	2294	57934	0	20548	1	2	0	90	47759	
1344891258943242240	1078729420058345472	1888	64	1	164	8668	0	1489	0	1	0	62	211890	
1344891275737260035	864644076599209986	2479	42	2014	3365	4513	0	2079	0	1	0	140	40802	
1344891279935754245	1162613601846353920	1657	18	37	409	8561	0	2337	0	1	0	49	28	
1344891284108951552	1115478986765656064	1787	29	406	571	145610	1	5686	0	1	0	88	4862	
1344891292493303809	222685969	4835	76	290	295	9100	6	269907	0	1	0	74	1816	
1344891292493504512	1620411331	3870	99	830	1051	115478	4	95282	0	1	0	67	4539	
1344891300898721792	2983537766	3332	115	217	628	10309	0	11307	0	1	0	117	105934	
1344891309287485441	768130675824291840	2745	35	1229	4450	147568	15	38426	0	1	0	139	57543	
1344891309287477248	1125100148697255940	1760	0	27	193	17978	0	7288	0	1	0	80	26200	
1344891317671759872	389451127	4522	0	804	663	2369	2	26158	0	1	0	70	145622	
1344891321882996737	548146455	4344	0	78	191	2790	0	419	0	1	0	80	26201	
1344891326068711424	972449900259459073	2181	41	1284	1318	23551	0	11787	0	1	0	78	53370	
